すべて
母子手帳用品
その他
